..\imagens_para_conversao\Buttons(1): .word 162, 76
.byte 255,255,255,255,255,255,255,255,255,255,255,253,244,242,241,241,241,241,241,241,241,241,241,241,241,241,241,241,241,241,241,241,241,241,241,241,241,241,241,241,241,241,241,241,241,241,241,241,241,241,241,241,241,241,241,241,241,241,241,241,241,241,241,241,241,241,241,241,241,241,241,241,241,241,241,241,241,241,241,241,241,241,241,241,241,241,241,241,241,241,241,241,241,241,241,241,241,241,241,241,241,241,241,241,241,241,241,241,241,241,241,241,241,241,241,241,241,241,241,241,241,241,241,241,241,241,241,241,241,241,241,241,241,241,241,241,241,241,241,241,241,241,241,241,241,241,241,241,241,242,244,253,255,255,255,255,255,255,255,255,255,255,
255,255,255,255,255,255,255,255,255,244,241,241,241,241,241,241,241,241,241,241,241,241,241,241,241,241,241,241,241,241,241,241,241,241,241,241,241,241,241,241,241,241,241,241,241,241,241,241,241,241,241,241,241,241,241,241,241,241,241,241,241,241,241,241,241,241,241,241,241,241,241,241,241,241,241,241,241,241,241,241,241,241,241,241,241,241,241,241,241,241,241,241,241,241,241,241,241,241,241,241,241,241,241,241,241,241,241,241,241,241,241,241,241,241,241,241,241,241,241,241,241,241,241,241,241,241,241,241,241,241,241,241,241,241,241,241,241,241,241,241,241,241,241,241,241,241,241,241,241,241,241,241,242,244,254,255,255,255,255,255,255,255,
255,255,255,255,255,255,255,244,241,241,241,233,161,153,81,81,81,81,81,81,81,81,81,81,81,81,81,81,81,81,81,81,81,81,81,81,81,81,81,81,81,81,81,81,81,81,81,81,81,81,81,81,81,81,81,81,81,81,81,81,81,81,81,81,81,81,81,81,81,81,81,81,81,81,81,81,81,81,81,81,81,81,81,81,81,81,81,81,81,81,81,81,81,81,81,81,81,81,81,81,81,81,81,81,81,81,81,81,81,81,81,81,81,81,81,81,81,81,81,81,81,81,81,81,81,81,81,81,81,81,81,81,81,81,81,81,81,81,81,81,81,81,81,81,81,81,81,81,81,153,161,233,241,241,242,245,255,255,255,255,255,255,
255,255,255,255,255,255,244,241,241,233,153,81,81,81,81,81,81,81,81,81,81,81,81,81,81,81,81,81,81,81,81,81,81,81,81,81,81,81,81,81,81,81,81,81,81,81,81,81,81,81,81,81,81,81,81,81,81,81,81,81,81,81,81,81,81,81,81,81,81,81,81,81,81,81,81,81,81,81,81,81,81,81,81,81,81,81,81,81,81,81,81,81,81,81,81,81,81,81,81,81,81,81,81,81,81,81,81,81,81,81,81,81,81,81,81,81,81,81,81,81,81,81,81,81,81,81,81,81,81,81,81,81,81,81,81,81,81,81,81,81,81,81,81,81,81,81,81,81,81,81,81,81,89,161,241,241,244,255,255,255,255,255,
255,255,255,255,255,243,241,233,161,81,81,81,81,81,81,81,81,81,81,81,81,81,81,81,81,81,81,81,81,81,81,81,81,81,81,81,81,81,81,81,81,81,81,81,81,81,81,81,81,81,81,81,81,81,81,81,81,81,81,81,81,81,81,81,81,81,81,81,81,81,81,81,81,81,81,81,81,81,81,81,81,81,81,81,81,81,81,81,81,81,81,81,81,81,81,81,81,81,81,81,81,81,81,81,81,81,81,81,81,81,81,81,81,81,81,81,81,81,81,81,81,81,81,81,81,81,81,81,81,81,81,81,81,81,81,81,81,81,81,81,81,81,81,81,81,81,81,81,81,81,81,81,81,81,161,233,241,243,255,255,255,255,
255,255,255,255,244,241,233,89,81,81,81,81,81,81,81,81,81,81,81,81,81,81,81,81,81,81,81,81,81,81,81,81,81,81,81,81,81,81,81,81,81,81,81,81,81,81,81,81,81,81,81,81,81,81,81,81,81,81,81,81,81,81,81,81,81,81,81,81,81,81,81,81,81,81,81,81,81,81,81,81,81,81,81,81,81,81,81,81,81,81,81,81,81,81,81,81,81,81,81,81,81,81,81,81,81,81,81,81,81,81,81,81,81,81,81,81,81,81,81,81,81,81,81,81,81,81,81,81,81,81,81,81,81,81,81,81,81,81,81,81,81,81,81,81,81,81,81,81,81,81,81,81,81,81,81,81,233,241,244,255,255,255,
255,255,255,245,241,233,81,81,81,81,81,81,81,81,81,81,81,81,81,81,81,81,81,81,81,81,81,81,81,81,81,81,81,81,81,81,81,81,81,81,81,81,81,81,81,81,81,81,81,81,81,81,81,81,81,81,81,81,81,81,81,81,81,81,81,81,81,81,81,81,81,81,81,81,81,81,81,81,81,81,81,81,81,81,81,81,81,81,81,81,81,81,81,81,81,81,81,81,81,81,81,81,81,81,81,81,81,81,81,81,81,81,81,81,81,81,81,81,81,81,81,81,81,81,81,81,81,81,81,81,81,81,81,81,81,81,81,81,81,81,81,81,81,81,81,81,81,81,81,81,81,81,81,81,81,81,89,233,241,244,255,255,
255,255,254,242,241,161,81,81,81,81,81,81,81,81,81,81,81,81,81,81,81,81,81,81,81,81,81,81,81,81,81,81,81,81,81,81,81,81,81,81,81,81,81,81,81,81,81,81,81,81,81,81,81,233,241,161,81,81,81,81,81,81,81,81,81,81,241,241,81,81,81,81,81,81,81,81,81,81,81,81,81,81,81,81,81,81,81,81,81,81,81,81,81,81,81,81,81,81,81,81,81,81,81,81,81,81,81,81,81,81,81,81,81,81,81,81,81,81,81,81,81,81,81,81,81,81,81,81,81,81,81,81,81,81,81,81,81,81,81,81,81,81,81,81,81,81,81,81,81,81,81,81,81,81,81,81,81,161,241,241,255,255,
255,255,244,241,161,81,81,81,81,81,81,81,81,81,81,81,81,81,81,81,81,81,81,81,81,81,81,81,81,81,81,81,81,81,81,81,81,81,81,81,81,81,81,81,81,81,81,81,81,81,81,81,81,233,241,233,81,81,81,81,81,81,81,81,81,161,241,241,81,81,81,81,81,81,81,81,81,81,81,81,81,81,81,81,81,81,81,81,81,81,81,81,81,81,81,81,81,81,81,81,81,81,81,81,81,81,81,81,81,81,81,81,81,81,81,81,81,81,81,81,81,81,81,81,81,81,81,81,81,81,81,81,81,81,81,81,81,81,81,81,81,81,81,81,81,81,81,81,81,81,81,81,81,81,81,81,81,81,233,241,244,255,
255,255,242,241,89,81,81,81,81,81,81,81,81,81,81,81,81,81,81,81,81,81,81,81,81,81,81,81,81,81,81,81,81,81,81,81,81,81,81,81,81,81,81,81,81,81,81,81,81,81,81,81,81,233,241,241,153,81,81,81,81,81,81,81,81,233,241,241,81,81,81,81,81,81,81,81,81,81,81,81,81,81,81,81,81,81,81,81,81,81,81,81,81,81,81,81,81,81,81,81,81,81,81,81,81,81,81,81,81,81,81,81,81,81,81,81,81,81,81,81,81,81,81,81,81,81,81,81,81,81,81,81,81,81,81,81,81,81,81,81,81,81,81,81,81,81,81,81,81,81,81,81,81,81,81,81,81,81,153,241,241,255,
255,253,241,233,81,81,81,81,81,81,81,81,81,81,81,81,81,81,81,81,81,81,81,81,81,81,81,81,81,81,81,81,81,81,81,81,81,81,81,81,81,81,81,81,81,81,81,81,81,81,81,81,81,233,241,233,233,81,81,81,81,81,81,81,153,241,233,241,81,81,81,81,81,81,81,81,81,81,81,81,81,81,81,81,81,81,81,81,81,81,81,81,81,81,81,81,81,81,81,81,81,81,81,81,81,81,81,81,81,81,81,81,81,81,81,81,81,81,81,81,81,81,81,81,81,81,81,81,81,81,81,81,81,81,81,81,81,81,81,81,81,81,81,81,81,81,81,81,81,81,81,81,81,81,81,81,81,81,81,233,241,253,
255,243,241,161,81,81,81,81,81,81,81,81,81,81,81,81,81,81,81,81,81,81,81,81,81,81,81,81,81,81,81,81,81,81,81,81,81,81,81,81,81,81,81,81,81,81,81,81,81,81,81,81,81,233,241,161,241,153,81,81,81,81,81,81,233,233,161,241,81,81,81,81,81,81,153,153,153,153,153,153,81,81,81,81,81,89,153,81,81,81,153,153,153,81,81,81,81,81,81,153,89,81,81,81,81,81,81,89,153,81,81,81,81,81,81,81,81,81,81,81,81,81,81,81,81,81,81,81,81,81,81,81,81,81,81,81,81,81,81,81,81,81,81,81,81,81,81,81,81,81,81,81,81,81,81,81,81,81,81,161,241,243,
255,242,241,153,81,81,81,81,81,81,81,81,81,81,81,81,81,81,81,81,81,81,81,81,81,81,81,81,81,81,81,81,81,81,81,81,81,81,81,81,81,81,81,81,81,81,81,81,81,81,81,81,81,233,241,81,233,161,81,81,81,81,81,89,241,153,161,241,81,81,81,81,81,233,241,241,241,241,241,241,161,81,81,81,81,233,241,81,89,233,241,241,241,233,81,81,81,81,153,241,161,81,81,81,81,81,81,233,233,81,81,81,81,81,81,81,81,81,81,81,81,81,81,81,81,81,81,81,81,81,81,81,81,81,81,81,81,81,81,81,81,81,81,81,81,81,81,81,81,81,81,81,81,81,81,81,81,81,81,153,241,242,
255,241,241,81,81,81,81,81,81,81,81,81,81,81,81,81,81,81,81,81,81,81,81,81,81,81,81,81,81,81,81,81,81,81,81,81,81,81,81,81,81,81,81,81,81,81,81,81,81,81,81,81,81,233,241,81,161,233,81,81,81,81,81,161,241,81,161,241,81,81,81,81,233,241,161,153,153,153,153,161,241,161,81,81,81,233,241,89,233,233,153,153,161,241,233,81,81,81,153,241,161,81,81,81,81,81,81,233,233,81,81,81,81,81,81,81,81,81,81,81,81,81,81,81,81,81,81,81,81,81,81,81,81,81,81,81,81,81,81,81,81,81,81,81,81,81,81,81,81,81,81,81,81,81,81,81,81,81,81,81,241,241,
255,241,241,81,81,81,81,81,81,81,81,81,81,81,81,81,81,81,81,81,81,81,81,81,81,81,81,81,81,81,81,81,81,81,81,81,81,81,81,81,81,81,81,81,81,81,81,81,81,81,81,81,81,233,241,81,153,241,161,81,81,81,81,241,161,81,161,241,81,81,81,153,241,161,81,81,81,81,81,81,233,241,81,81,81,233,241,233,233,81,81,81,81,161,241,161,81,81,153,241,161,81,81,81,81,81,81,233,233,81,81,81,81,81,81,81,81,81,81,81,81,81,81,81,81,81,81,81,81,81,81,81,81,81,81,81,81,81,81,81,81,81,81,81,81,81,81,81,81,81,81,81,81,81,81,81,81,81,81,81,241,241,
255,241,241,81,81,81,81,81,81,81,81,81,81,81,81,81,81,81,81,81,81,81,81,81,81,81,81,81,81,81,81,81,81,81,81,81,81,81,81,81,81,81,81,81,81,81,81,81,81,81,81,81,81,233,241,81,81,233,233,81,81,81,153,241,89,81,161,241,81,81,81,153,241,153,81,81,81,81,81,81,233,241,81,81,81,233,241,233,81,81,81,81,81,153,241,161,81,81,153,241,161,81,81,81,81,81,81,233,233,81,81,81,81,81,81,81,81,81,81,81,81,81,81,81,81,81,81,81,81,81,81,81,81,81,81,81,81,81,81,81,81,81,81,81,81,81,81,81,81,81,81,81,81,81,81,81,81,81,81,81,241,241,
255,241,241,81,81,81,81,81,81,81,81,81,81,81,81,81,81,81,81,81,81,81,81,81,81,81,81,81,81,81,81,81,81,81,81,81,81,81,81,81,81,81,81,81,81,81,81,81,81,81,81,81,81,233,241,81,81,153,241,153,81,81,233,233,81,81,161,241,81,81,81,153,241,161,153,153,153,153,153,153,233,241,81,81,81,233,241,89,81,81,81,81,81,153,241,161,81,81,153,241,161,81,81,81,81,81,81,233,233,81,81,81,81,81,81,81,81,81,81,81,81,81,81,81,81,81,81,81,81,81,81,81,81,81,81,81,81,81,81,81,81,81,81,81,81,81,81,81,81,81,81,81,81,81,81,81,81,81,81,81,241,241,
255,242,241,153,81,81,81,81,81,81,81,81,81,81,81,81,81,81,81,81,81,81,81,81,81,81,81,81,81,81,81,81,81,81,81,81,81,81,81,81,81,81,81,81,81,81,81,81,81,81,81,81,81,233,241,81,81,81,233,233,81,153,241,153,81,81,161,241,81,81,81,153,241,241,241,241,241,241,241,241,241,241,81,81,81,233,241,81,81,81,81,81,81,153,241,161,81,81,153,241,161,81,81,81,81,81,81,233,233,81,81,81,81,81,81,81,81,81,81,81,81,81,81,81,81,81,81,81,81,81,81,81,81,81,81,81,81,81,81,81,81,81,81,81,81,81,81,81,81,81,81,81,81,81,81,81,81,81,81,153,241,242,
255,243,241,161,81,81,81,81,81,81,81,81,81,81,81,81,81,81,81,81,81,81,81,81,81,81,81,81,81,81,81,81,81,81,81,81,81,81,81,81,81,81,81,81,81,81,81,81,81,81,81,81,81,233,241,81,81,81,161,241,81,161,233,81,81,81,161,241,81,81,81,153,241,161,153,153,153,153,153,153,153,153,81,81,81,233,241,81,81,81,81,81,81,153,241,161,81,81,153,241,161,81,81,81,81,81,81,233,233,81,81,81,81,81,81,81,81,81,81,81,81,81,81,81,81,81,81,81,81,81,81,81,81,81,81,81,81,81,81,81,81,81,81,81,81,81,81,81,81,81,81,81,81,81,81,81,81,81,81,161,241,243,
255,253,241,233,81,81,81,81,81,81,81,81,81,81,81,81,81,81,81,81,81,81,81,81,81,81,81,81,81,81,81,81,81,81,81,81,81,81,81,81,81,81,81,81,81,81,81,81,81,81,81,81,81,233,241,81,81,81,81,241,161,241,161,81,81,81,161,241,81,81,81,153,241,153,81,81,81,81,81,81,81,81,81,81,81,233,241,81,81,81,81,81,81,153,241,161,81,81,153,241,161,81,81,81,81,81,89,241,233,81,81,81,81,81,81,81,81,81,81,81,81,81,81,81,81,81,81,81,81,81,81,81,81,81,81,81,81,81,81,81,81,81,81,81,81,81,81,81,81,81,81,81,81,81,81,81,81,81,81,233,241,253,
255,255,241,241,153,81,81,81,81,81,81,81,81,81,81,81,81,81,81,81,81,81,81,81,81,81,81,81,81,81,81,81,81,81,81,81,81,81,81,81,81,81,81,81,81,81,81,81,81,81,81,81,81,233,241,81,81,81,81,161,241,241,81,81,81,81,161,241,81,81,81,153,241,153,81,81,81,81,81,81,233,241,81,81,81,233,241,81,81,81,81,81,81,153,241,161,81,81,153,241,161,81,81,81,81,89,233,241,233,81,81,81,81,81,81,81,81,81,81,81,81,81,81,81,81,81,81,81,81,81,81,81,81,81,81,81,81,81,81,81,81,81,81,81,81,81,81,81,81,81,81,81,81,81,81,81,81,81,89,241,242,255,
255,255,244,241,233,81,81,81,81,81,81,81,81,81,81,81,81,81,81,81,81,81,81,81,81,81,81,81,81,81,81,81,81,81,81,81,81,81,81,81,81,81,81,81,81,81,81,81,81,81,81,81,81,233,241,81,81,81,81,153,241,161,81,81,81,81,161,241,81,81,81,153,241,233,81,81,81,81,81,153,241,233,81,81,81,233,241,81,81,81,81,81,81,153,241,161,81,81,81,233,233,89,81,81,89,233,233,233,233,81,81,81,81,81,81,81,81,81,81,81,81,81,81,81,81,81,81,81,81,81,81,81,81,81,81,81,81,81,81,81,81,81,81,81,81,81,81,81,81,81,81,81,81,81,81,81,81,81,161,241,244,255,
255,255,255,241,241,161,81,81,81,81,81,81,81,81,81,81,81,81,81,81,81,81,81,81,81,81,81,81,81,81,81,81,81,81,81,81,81,81,81,81,81,81,81,81,81,81,81,81,81,81,81,81,81,233,241,81,81,81,81,81,81,81,81,81,81,81,161,241,81,81,81,81,161,241,233,233,233,233,233,241,233,81,81,81,81,233,241,81,81,81,81,81,81,153,241,161,81,81,81,89,233,241,233,233,233,233,81,233,233,81,81,81,81,81,81,81,81,81,81,81,81,81,81,81,81,81,81,81,81,81,81,81,81,81,81,81,81,81,81,81,81,81,81,81,81,81,81,81,81,81,81,81,81,81,81,81,81,161,241,242,254,255,
255,255,255,244,241,233,89,81,81,81,81,81,81,81,81,81,81,81,81,81,81,81,81,81,81,81,81,81,81,81,81,81,81,81,81,81,81,81,81,81,81,81,81,81,81,81,81,81,81,81,81,81,81,161,233,81,81,81,81,81,81,81,81,81,81,81,161,233,81,81,81,81,81,161,233,233,233,233,233,161,81,81,81,81,81,161,233,81,81,81,81,81,81,153,233,153,81,81,81,81,89,233,233,233,161,81,81,161,161,81,81,81,81,81,81,81,81,81,81,81,81,81,81,81,81,81,81,81,81,81,81,81,81,81,81,81,81,81,81,81,81,81,81,81,81,81,81,81,81,81,81,81,81,81,81,81,81,233,241,245,255,255,
255,255,255,255,243,241,233,81,81,81,81,81,81,81,81,81,81,81,81,81,81,81,81,81,81,81,81,81,81,81,81,81,81,81,81,81,81,81,81,81,81,81,81,81,81,81,81,81,81,81,81,81,81,81,81,81,81,81,81,81,81,81,81,81,81,81,81,81,81,81,81,81,81,81,81,81,81,81,81,81,81,81,81,81,81,81,81,81,81,81,81,81,81,81,81,81,81,81,81,81,81,81,81,81,81,81,81,81,81,81,81,81,81,81,81,81,81,81,81,81,81,81,81,81,81,81,81,81,81,81,81,81,81,81,81,81,81,81,81,81,81,81,81,81,81,81,81,81,81,81,81,81,81,81,81,89,233,241,243,255,255,255,
255,255,255,255,255,243,241,233,161,81,81,81,81,81,81,81,81,81,81,81,81,81,81,81,81,81,81,81,81,81,81,81,81,81,81,81,81,81,81,81,81,81,81,81,81,81,81,81,81,81,81,81,81,81,81,81,81,81,81,81,81,81,81,81,81,81,81,81,81,81,81,81,81,81,81,81,81,81,81,81,81,81,81,81,81,81,81,81,81,81,81,81,81,81,81,81,81,81,81,81,81,81,81,81,81,81,81,81,81,81,81,81,81,81,81,81,81,81,81,81,81,81,81,81,81,81,81,81,81,81,81,81,81,81,81,81,81,81,81,81,81,81,81,81,81,81,81,81,81,81,81,81,81,81,161,233,241,243,255,255,255,255,
255,255,255,255,255,255,243,241,241,161,89,81,81,81,81,81,81,81,81,81,81,81,81,81,81,81,81,81,81,81,81,81,81,81,81,81,81,81,81,81,81,81,81,81,81,81,81,81,81,81,81,81,81,81,81,81,81,81,81,81,81,81,81,81,81,81,81,81,81,81,81,81,81,81,81,81,81,81,81,81,81,81,81,81,81,81,81,81,81,81,81,81,81,81,81,81,81,81,81,81,81,81,81,81,81,81,81,81,81,81,81,81,81,81,81,81,81,81,81,81,81,81,81,81,81,81,81,81,81,81,81,81,81,81,81,81,81,81,81,81,81,81,81,81,81,81,81,81,81,81,81,81,153,233,241,241,243,255,255,255,255,255,
255,255,255,255,255,255,255,245,242,241,241,233,161,153,81,81,81,81,81,81,81,81,81,81,81,81,81,81,81,81,81,81,81,81,81,81,81,81,81,81,81,81,81,81,81,81,81,81,81,81,81,81,81,81,81,81,81,81,81,81,81,81,81,81,81,81,81,81,81,81,81,81,81,81,81,81,81,81,81,81,81,81,81,81,81,81,81,81,81,81,81,81,81,81,81,81,81,81,81,81,81,81,81,81,81,81,81,81,81,81,81,81,81,81,81,81,81,81,81,81,81,81,81,81,81,81,81,81,81,81,81,81,81,81,81,81,81,81,81,81,81,81,81,81,81,81,81,81,81,153,161,233,241,241,241,244,255,255,255,255,255,255,
255,255,255,255,255,255,255,255,254,244,242,241,241,241,241,241,241,241,241,241,241,241,241,241,241,241,241,241,241,241,241,241,241,241,241,241,241,241,241,241,241,241,241,241,241,241,241,241,241,241,241,241,241,241,241,241,241,241,241,241,241,241,241,241,241,241,241,241,241,241,241,241,241,241,241,241,241,241,241,241,241,241,241,241,241,241,241,241,241,241,241,241,241,241,241,241,241,241,241,241,241,241,241,241,241,241,241,241,241,241,241,241,241,241,241,241,241,241,241,241,241,241,241,241,241,241,241,241,241,241,241,241,241,241,241,241,241,241,241,241,241,241,241,241,241,241,241,241,241,241,241,241,241,244,255,255,255,255,255,255,255,255,
255,255,255,255,255,255,255,255,255,255,255,253,243,242,241,241,241,241,241,241,241,241,241,241,241,241,241,241,241,241,241,241,241,241,241,241,241,241,241,241,241,241,241,241,241,241,241,241,241,241,241,241,241,241,241,241,241,241,241,241,241,241,241,241,241,241,241,241,241,241,241,241,241,241,241,241,241,241,241,241,241,241,241,241,241,241,241,241,241,241,241,241,241,241,241,241,241,241,241,241,241,241,241,241,241,241,241,241,241,241,241,241,241,241,241,241,241,241,241,241,241,241,241,241,241,241,241,241,241,241,241,241,241,241,241,241,241,241,241,241,241,241,241,241,241,241,241,241,241,242,243,253,255,255,255,255,255,255,255,255,255,255,
255,255,255,255,255,255,255,255,255,255,255,255,255,255,255,255,255,255,255,255,255,255,255,255,255,255,255,255,255,255,255,255,255,255,255,255,255,255,255,255,255,255,255,255,255,255,255,255,255,255,255,255,255,255,255,255,255,255,255,255,255,255,255,255,255,255,255,255,255,255,255,255,255,255,255,255,255,255,255,255,255,255,255,255,255,255,255,255,255,255,255,255,255,255,255,255,255,255,255,255,255,255,255,255,255,255,255,255,255,255,255,255,255,255,255,255,255,255,255,255,255,255,255,255,255,255,255,255,255,255,255,255,255,255,255,255,255,255,255,255,255,255,255,255,255,255,255,255,255,255,255,255,255,255,255,255,255,255,255,255,255,255,
255,255,255,255,255,255,255,255,255,255,255,255,255,255,255,255,255,255,255,255,255,255,255,255,255,255,255,255,255,255,255,255,255,255,255,255,255,255,255,255,255,255,255,255,255,255,255,255,255,255,255,255,255,255,255,255,255,255,255,255,255,255,255,255,255,255,255,255,255,255,255,255,255,255,255,255,255,255,255,255,255,255,255,255,255,255,255,255,255,255,255,255,255,255,255,255,255,255,255,255,255,255,255,255,255,255,255,255,255,255,255,255,255,255,255,255,255,255,255,255,255,255,255,255,255,255,255,255,255,255,255,255,255,255,255,255,255,255,255,255,255,255,255,255,255,255,255,255,255,255,255,255,255,255,255,255,255,255,255,255,255,255,
255,255,255,255,255,255,255,255,255,255,255,255,255,255,255,255,255,255,255,255,255,255,255,255,255,255,255,255,255,255,255,255,255,255,255,255,255,255,255,255,255,255,255,255,255,255,255,255,255,255,255,255,255,255,255,255,255,255,255,255,255,255,255,255,255,255,255,255,255,255,255,255,255,255,255,255,255,255,255,255,255,255,255,255,255,255,255,255,255,255,255,255,255,255,255,255,255,255,255,255,255,255,255,255,255,255,255,255,255,255,255,255,255,255,255,255,255,255,255,255,255,255,255,255,255,255,255,255,255,255,255,255,255,255,255,255,255,255,255,255,255,255,255,255,255,255,255,255,255,255,255,255,255,255,255,255,255,255,255,255,255,255,
255,255,255,255,255,255,255,255,255,255,255,255,255,255,255,255,255,255,255,255,255,255,255,255,255,255,255,255,255,255,255,255,255,255,255,255,255,255,255,255,255,255,255,255,255,255,255,255,255,255,255,255,255,255,255,255,255,255,255,255,255,255,255,255,255,255,255,255,255,255,255,255,255,255,255,255,255,255,255,255,255,255,255,255,255,255,255,255,255,255,255,255,255,255,255,255,255,255,255,255,255,255,255,255,255,255,255,255,255,255,255,255,255,255,255,255,255,255,255,255,255,255,255,255,255,255,255,255,255,255,255,255,255,255,255,255,255,255,255,255,255,255,255,255,255,255,255,255,255,255,255,255,255,255,255,255,255,255,255,255,255,255,
255,255,255,255,255,255,255,255,255,255,255,255,255,255,255,255,255,255,255,255,255,255,255,255,255,255,255,255,255,255,255,255,255,255,255,255,255,255,255,255,255,255,255,255,255,255,255,255,255,255,255,255,255,255,255,255,255,255,255,255,255,255,255,255,255,255,255,255,255,255,255,255,255,255,255,255,255,255,255,255,255,255,255,255,255,255,255,255,255,255,255,255,255,255,255,255,255,255,255,255,255,255,255,255,255,255,255,255,255,255,255,255,255,255,255,255,255,255,255,255,255,255,255,255,255,255,255,255,255,255,255,255,255,255,255,255,255,255,255,255,255,255,255,255,255,255,255,255,255,255,255,255,255,255,255,255,255,255,255,255,255,255,
255,255,255,255,255,255,255,255,255,255,255,255,255,255,255,255,255,255,255,255,255,255,255,255,255,255,255,255,255,255,255,255,255,255,255,255,255,255,255,255,255,255,255,255,255,255,255,255,255,255,255,255,255,255,255,255,255,255,255,255,255,255,255,255,255,255,255,255,255,255,255,255,255,255,255,255,255,255,255,255,255,255,255,255,255,255,255,255,255,255,255,255,255,255,255,255,255,255,255,255,255,255,255,255,255,255,255,255,255,255,255,255,255,255,255,255,255,255,255,255,255,255,255,255,255,255,255,255,255,255,255,255,255,255,255,255,255,255,255,255,255,255,255,255,255,255,255,255,255,255,255,255,255,255,255,255,255,255,255,255,255,255,
255,255,255,255,255,255,255,255,255,255,255,255,255,255,255,255,255,255,255,255,255,255,255,255,255,255,255,255,255,255,255,255,255,255,255,255,255,255,255,255,255,255,255,255,255,255,255,255,255,255,255,255,255,255,255,255,255,255,255,255,255,255,255,255,255,255,255,255,255,255,255,255,255,255,255,255,255,255,255,255,255,255,255,255,255,255,255,255,255,255,255,255,255,255,255,255,255,255,255,255,255,255,255,255,255,255,255,255,255,255,255,255,255,255,255,255,255,255,255,255,255,255,255,255,255,255,255,255,255,255,255,255,255,255,255,255,255,255,255,255,255,255,255,255,255,255,255,255,255,255,255,255,255,255,255,255,255,255,255,255,255,255,
255,255,255,255,255,255,255,255,255,255,255,255,255,255,255,255,255,255,255,255,255,255,255,255,255,255,255,255,255,255,255,255,255,255,255,255,255,255,255,255,255,255,255,255,255,255,255,255,255,255,255,255,255,255,255,255,255,255,255,255,255,255,255,255,255,255,255,255,255,255,255,255,255,255,255,255,255,255,255,255,255,255,255,255,255,255,255,255,255,255,255,255,255,255,255,255,255,255,255,255,255,255,255,255,255,255,255,255,255,255,255,255,255,255,255,255,255,255,255,255,255,255,255,255,255,255,255,255,255,255,255,255,255,255,255,255,255,255,255,255,255,255,255,255,255,255,255,255,255,255,255,255,255,255,255,255,255,255,255,255,255,255,
255,255,255,255,255,255,255,255,255,255,255,255,255,255,255,255,255,255,255,255,255,255,255,255,255,255,255,255,255,255,255,255,255,255,255,255,255,255,255,255,255,255,255,255,255,255,255,255,255,255,255,255,255,255,255,255,255,255,255,255,255,255,255,255,255,255,255,255,255,255,255,255,255,255,255,255,255,255,255,255,255,255,255,255,255,255,255,255,255,255,255,255,255,255,255,255,255,255,255,255,255,255,255,255,255,255,255,255,255,255,255,255,255,255,255,255,255,255,255,255,255,255,255,255,255,255,255,255,255,255,255,255,255,255,255,255,255,255,255,255,255,255,255,255,255,255,255,255,255,255,255,255,255,255,255,255,255,255,255,255,255,255,
255,255,255,255,255,255,255,255,255,255,255,255,255,255,255,255,255,255,255,255,255,255,255,255,255,255,255,255,255,255,255,255,255,255,255,255,255,255,255,255,255,255,255,255,255,255,255,255,255,255,255,255,255,255,255,255,255,255,255,255,255,255,255,255,255,255,255,255,255,255,255,255,255,255,255,255,255,255,255,255,255,255,255,255,255,255,255,255,255,255,255,255,255,255,255,255,255,255,255,255,255,255,255,255,255,255,255,255,255,255,255,255,255,255,255,255,255,255,255,255,255,255,255,255,255,255,255,255,255,255,255,255,255,255,255,255,255,255,255,255,255,255,255,255,255,255,255,255,255,255,255,255,255,255,255,255,255,255,255,255,255,255,
255,255,255,255,255,255,255,255,255,255,255,255,255,255,255,255,255,255,255,255,255,255,255,255,255,255,255,255,255,255,255,255,255,255,255,255,255,255,255,255,255,255,255,255,255,255,255,255,255,255,255,255,255,255,255,255,255,255,255,255,255,255,255,255,255,255,255,255,255,255,255,255,255,255,255,255,255,255,255,255,255,255,255,255,255,255,255,255,255,255,255,255,255,255,255,255,255,255,255,255,255,255,255,255,255,255,255,255,255,255,255,255,255,255,255,255,255,255,255,255,255,255,255,255,255,255,255,255,255,255,255,255,255,255,255,255,255,255,255,255,255,255,255,255,255,255,255,255,255,255,255,255,255,255,255,255,255,255,255,255,255,255,
255,255,255,255,255,255,255,255,255,255,255,255,255,255,255,255,255,255,255,255,255,255,255,255,255,255,255,255,255,255,255,255,255,255,255,255,255,255,255,255,255,255,255,255,255,255,255,255,255,255,255,255,255,255,255,255,255,255,255,255,255,255,255,255,255,255,255,255,255,255,255,255,255,255,255,255,255,255,255,255,255,255,255,255,255,255,255,255,255,255,255,255,255,255,255,255,255,255,255,255,255,255,255,255,255,255,255,255,255,255,255,255,255,255,255,255,255,255,255,255,255,255,255,255,255,255,255,255,255,255,255,255,255,255,255,255,255,255,255,255,255,255,255,255,255,255,255,255,255,255,255,255,255,255,255,255,255,255,255,255,255,255,
255,255,255,255,255,255,255,255,255,255,255,255,255,255,255,255,255,255,255,255,255,255,255,255,255,255,255,255,255,255,255,255,255,255,255,255,255,255,255,255,255,255,255,255,255,255,255,255,255,255,255,255,255,255,255,255,255,255,255,255,255,255,255,255,255,255,255,255,255,255,255,255,255,255,255,255,255,255,255,255,255,255,255,255,255,255,255,255,255,255,255,255,255,255,255,255,255,255,255,255,255,255,255,255,255,255,255,255,255,255,255,255,255,255,255,255,255,255,255,255,255,255,255,255,255,255,255,255,255,255,255,255,255,255,255,255,255,255,255,255,255,255,255,255,255,255,255,255,255,255,255,255,255,255,255,255,255,255,255,255,255,255,
255,255,255,255,255,255,255,255,255,255,255,255,255,255,255,255,255,255,255,255,255,255,255,255,255,255,255,255,255,255,255,255,255,255,255,255,255,255,255,255,255,255,255,255,255,255,255,255,255,255,255,255,255,255,255,255,255,255,255,255,255,255,255,255,255,255,255,255,255,255,255,255,255,255,255,255,255,255,255,255,255,255,255,255,255,255,255,255,255,255,255,255,255,255,255,255,255,255,255,255,255,255,255,255,255,255,255,255,255,255,255,255,255,255,255,255,255,255,255,255,255,255,255,255,255,255,255,255,255,255,255,255,255,255,255,255,255,255,255,255,255,255,255,255,255,255,255,255,255,255,255,255,255,255,255,255,255,255,255,255,255,255,
255,255,255,255,255,255,255,255,255,255,255,255,255,255,255,255,255,255,255,255,255,255,255,255,255,255,255,255,255,255,255,255,255,255,255,255,255,255,255,255,255,255,255,255,255,255,255,255,255,255,255,255,255,255,255,255,255,255,255,255,255,255,255,255,255,255,255,255,255,255,255,255,255,255,255,255,255,255,255,255,255,255,255,255,255,255,255,255,255,255,255,255,255,255,255,255,255,255,255,255,255,255,255,255,255,255,255,255,255,255,255,255,255,255,255,255,255,255,255,255,255,255,255,255,255,255,255,255,255,255,255,255,255,255,255,255,255,255,255,255,255,255,255,255,255,255,255,255,255,255,255,255,255,255,255,255,255,255,255,255,255,255,
255,255,255,255,255,255,255,255,255,255,255,255,255,255,255,255,255,255,255,255,255,255,255,255,255,255,255,255,255,255,255,255,255,255,255,255,255,255,255,255,255,255,255,255,255,255,255,255,255,255,255,255,255,255,255,255,255,255,255,255,255,255,255,255,255,255,255,255,255,255,255,255,255,255,255,255,255,255,255,255,255,255,255,255,255,255,255,255,255,255,255,255,255,255,255,255,255,255,255,255,255,255,255,255,255,255,255,255,255,255,255,255,255,255,255,255,255,255,255,255,255,255,255,255,255,255,255,255,255,255,255,255,255,255,255,255,255,255,255,255,255,255,255,255,255,255,255,255,255,255,255,255,255,255,255,255,255,255,255,255,255,255,
255,255,255,255,255,255,255,255,255,255,253,244,242,241,241,241,241,241,241,241,241,241,241,241,241,241,241,241,241,241,241,241,241,241,241,241,241,241,241,241,241,241,241,241,241,241,241,241,241,241,241,241,241,241,241,241,241,241,241,241,241,241,241,241,241,241,241,241,241,241,241,241,241,241,241,241,241,241,241,241,241,241,241,241,241,241,241,241,241,241,241,241,241,241,241,241,241,241,241,241,241,241,241,241,241,241,241,241,241,241,241,241,241,241,241,241,241,241,241,241,241,241,241,241,241,241,241,241,241,241,241,241,241,241,241,241,241,241,241,241,241,241,241,241,241,241,241,241,241,242,244,253,255,255,255,255,255,255,255,255,255,255,
255,255,255,255,255,255,255,255,244,241,241,241,241,241,241,241,241,241,241,241,241,241,241,241,241,241,241,241,241,241,241,241,241,241,241,241,241,241,241,241,241,241,241,241,241,241,241,241,241,241,241,241,241,241,241,241,241,241,241,241,241,241,241,241,241,241,241,241,241,241,241,241,241,241,241,241,241,241,241,241,241,241,241,241,241,241,241,241,241,241,241,241,241,241,241,241,241,241,241,241,241,241,241,241,241,241,241,241,241,241,241,241,241,241,241,241,241,241,241,241,241,241,241,241,241,241,241,241,241,241,241,241,241,241,241,241,241,241,241,241,241,241,241,241,241,241,241,241,241,241,241,241,242,244,254,255,255,255,255,255,255,255,
255,255,255,255,255,255,244,241,241,241,241,241,241,241,241,241,241,241,241,241,241,241,241,241,241,241,241,241,241,241,241,241,241,241,241,241,241,241,241,241,241,241,241,241,241,241,241,241,241,241,241,241,241,241,241,241,241,241,241,241,241,241,241,241,241,241,241,241,241,241,241,241,241,241,241,241,241,241,241,241,241,241,241,241,241,241,241,241,241,241,241,241,241,241,241,241,241,241,241,241,241,241,241,241,241,241,241,241,241,241,241,241,241,241,241,241,241,241,241,241,241,241,241,241,241,241,241,241,241,241,241,241,241,241,241,241,241,241,241,241,241,241,241,241,241,241,241,241,241,241,241,241,241,241,242,245,255,255,255,255,255,255,
255,255,255,255,255,244,241,241,241,241,241,241,241,241,241,241,241,241,241,241,241,241,241,241,241,241,241,241,241,241,241,241,241,241,241,241,241,241,241,241,241,241,241,241,241,241,241,241,241,241,241,241,241,241,241,241,241,241,241,241,241,241,241,241,241,241,241,241,241,241,241,241,241,241,241,241,241,241,241,241,241,241,241,241,241,241,241,241,241,241,241,241,241,241,241,241,241,241,241,241,241,241,241,241,241,241,241,241,241,241,241,241,241,241,241,241,241,241,241,241,241,241,241,241,241,241,241,241,241,241,241,241,241,241,241,241,241,241,241,241,241,241,241,241,241,241,241,241,241,241,241,241,241,241,241,241,244,255,255,255,255,255,
255,255,255,255,243,241,241,241,241,241,241,241,241,241,241,241,241,241,241,241,241,241,241,241,241,241,241,241,241,241,241,241,241,241,241,241,241,241,241,241,241,241,241,241,241,241,241,241,241,241,241,241,241,241,241,241,241,241,241,241,241,241,241,241,241,241,241,241,241,241,241,241,241,241,241,241,241,241,241,241,241,241,241,241,241,241,241,241,241,241,241,241,241,241,241,241,241,241,241,241,241,241,241,241,241,241,241,241,241,241,241,241,241,241,241,241,241,241,241,241,241,241,241,241,241,241,241,241,241,241,241,241,241,241,241,241,241,241,241,241,241,241,241,241,241,241,241,241,241,241,241,241,241,241,241,241,241,243,255,255,255,255,
255,255,255,244,241,241,241,241,241,241,241,241,241,241,241,241,241,241,241,241,241,241,241,241,241,241,241,241,241,241,241,241,241,241,241,241,241,241,241,241,241,241,241,241,241,241,241,241,241,241,241,241,241,241,241,241,241,241,241,241,241,241,241,241,241,241,241,241,241,241,241,241,241,241,241,241,241,241,241,241,241,241,241,241,241,241,241,241,241,241,241,241,241,241,241,241,241,241,241,241,241,241,241,241,241,241,241,241,241,241,241,241,241,241,241,241,241,241,241,241,241,241,241,241,241,241,241,241,241,241,241,241,241,241,241,241,241,241,241,241,241,241,241,241,241,241,241,241,241,241,241,241,241,241,241,241,241,241,244,255,255,255,
255,255,245,241,241,241,241,241,241,241,241,241,241,241,241,241,241,241,241,241,241,241,241,241,241,241,241,241,241,241,241,241,241,241,233,233,233,233,233,233,233,233,233,233,233,241,241,241,241,241,241,241,241,241,241,241,241,241,241,241,241,241,241,241,241,241,241,241,241,241,241,241,241,241,241,241,241,241,241,241,241,241,241,241,241,241,241,241,241,241,241,241,241,241,241,241,241,241,241,241,241,241,241,241,241,241,241,241,241,241,241,241,241,241,241,241,241,241,241,241,241,241,241,241,241,241,241,241,241,241,241,241,241,241,241,241,241,241,241,241,241,241,241,241,241,241,241,241,241,241,241,241,241,241,241,241,241,241,241,244,255,255,
255,254,242,241,241,241,241,241,241,241,241,241,241,241,241,241,241,241,241,241,241,241,241,241,241,241,241,241,241,241,241,241,241,241,233,81,81,81,81,81,81,81,81,81,81,233,241,241,241,241,241,241,241,241,241,241,241,241,241,241,241,241,241,233,153,161,241,241,241,241,241,241,241,241,241,241,241,241,241,241,241,241,241,161,153,233,241,241,241,241,241,241,241,241,241,241,241,241,241,241,241,233,153,161,241,241,241,241,241,241,241,241,241,241,241,241,241,241,241,241,241,241,241,241,241,241,241,241,241,241,241,241,241,241,241,241,241,241,241,241,241,241,241,241,241,241,241,241,241,241,241,241,241,241,241,241,241,241,241,241,255,255,
255,244,241,241,241,241,241,241,241,241,241,241,241,241,241,241,241,241,241,241,241,241,241,241,241,241,241,241,241,241,241,241,241,241,233,81,153,161,161,161,161,161,161,153,81,81,233,241,241,241,241,241,241,241,241,241,241,241,241,241,241,241,241,161,81,81,241,241,241,241,241,241,241,241,241,241,241,241,241,241,241,241,241,81,81,161,241,241,241,241,241,241,241,241,241,241,241,241,241,241,241,233,81,81,233,241,241,241,241,241,241,241,241,241,241,241,241,241,241,241,241,241,241,241,241,241,241,241,241,241,241,241,241,241,241,241,241,241,241,241,241,241,241,241,241,241,241,241,241,241,241,241,241,241,241,241,241,241,241,241,244,255,
255,242,241,241,241,241,241,241,241,241,241,241,241,241,241,241,241,241,241,241,241,241,241,241,241,241,241,241,241,241,241,241,241,241,233,81,161,241,241,241,241,241,241,241,161,81,161,241,241,241,241,241,241,241,241,241,241,241,241,241,241,241,241,233,153,161,241,241,241,241,241,241,241,241,241,241,241,241,241,241,241,241,241,161,153,233,241,241,241,241,241,241,241,241,241,241,241,241,241,241,241,233,153,161,241,241,241,241,241,241,241,241,241,241,241,241,241,241,241,241,241,241,241,241,241,241,241,241,241,241,241,241,241,241,241,241,241,241,241,241,241,241,241,241,241,241,241,241,241,241,241,241,241,241,241,241,241,241,241,241,241,255,
253,241,241,241,241,241,241,241,241,241,241,241,241,241,241,241,241,241,241,241,241,241,241,241,241,241,241,241,241,241,241,241,241,241,233,81,161,241,241,241,241,241,241,241,233,81,161,241,241,241,241,241,241,241,241,241,241,241,241,241,241,241,241,241,241,241,241,241,241,241,241,241,241,241,241,241,241,241,241,241,241,241,241,241,241,241,241,241,241,241,241,241,241,241,241,241,241,241,241,241,241,241,241,241,241,241,241,241,241,241,241,241,241,241,241,241,241,241,241,241,241,241,241,241,241,241,241,241,241,241,241,241,241,241,241,241,241,241,241,241,241,241,241,241,241,241,241,241,241,241,241,241,241,241,241,241,241,241,241,241,241,253,
243,241,241,241,241,241,241,241,241,241,241,241,241,241,241,241,241,241,241,241,241,241,241,241,241,241,241,241,241,241,241,241,241,241,233,81,161,241,241,241,241,241,241,241,233,81,161,241,241,241,241,241,233,233,233,233,233,233,233,241,241,241,241,241,233,233,241,241,241,233,233,233,241,233,233,233,233,233,241,241,241,241,241,233,233,233,241,241,241,241,233,233,233,233,233,233,233,241,241,241,241,241,233,233,241,241,241,241,241,233,233,233,233,233,233,233,241,241,241,241,241,233,233,241,233,233,233,233,241,241,241,241,241,241,241,241,241,241,241,241,241,241,241,241,241,241,241,241,241,241,241,241,241,241,241,241,241,241,241,241,241,243,
242,241,241,241,241,241,241,241,241,241,241,241,241,241,241,241,241,241,241,241,241,241,241,241,241,241,241,241,241,241,241,241,241,241,233,81,161,241,241,241,241,241,241,241,233,81,161,241,241,241,241,161,81,81,81,81,81,81,81,233,241,241,241,233,81,153,241,241,241,161,81,233,233,81,81,81,81,81,233,241,241,241,241,153,81,233,241,241,241,233,89,81,81,81,81,81,81,161,241,241,241,241,81,81,241,241,241,241,233,81,81,81,81,81,81,81,233,241,241,241,233,81,153,233,81,81,81,81,241,241,241,241,241,241,241,241,241,241,241,241,241,241,241,241,241,241,241,241,241,241,241,241,241,241,241,241,241,241,241,241,241,242,
241,241,241,241,241,241,241,241,241,241,241,241,241,241,241,241,241,241,241,241,241,241,241,241,241,241,241,241,241,241,241,241,241,241,233,81,161,241,241,241,241,241,241,241,233,81,161,241,241,241,161,81,89,161,161,161,161,161,81,81,233,241,241,233,81,153,241,241,241,161,81,161,81,81,161,161,161,81,81,233,241,241,241,153,81,233,241,241,233,89,81,161,161,161,161,161,89,81,161,241,241,241,81,81,241,241,241,233,81,81,161,233,233,233,161,81,81,233,241,241,233,81,153,81,81,161,161,161,241,241,241,241,241,241,241,241,241,241,241,241,241,241,241,241,241,241,241,241,241,241,241,241,241,241,241,241,241,241,241,241,241,241,
241,241,241,241,241,241,241,241,241,241,241,241,241,241,241,241,241,241,241,241,241,241,241,241,241,241,241,241,241,241,241,241,241,241,233,81,161,241,241,241,241,241,241,233,81,81,161,241,241,241,81,81,233,241,241,241,241,241,161,81,161,241,241,233,81,153,241,241,241,161,81,81,81,233,241,241,241,233,81,153,241,241,241,153,81,233,241,241,233,81,153,241,241,241,241,241,233,81,81,241,241,241,81,81,241,241,241,153,81,161,241,241,241,241,241,161,81,161,241,241,233,81,81,81,233,241,241,241,241,241,241,241,241,241,241,241,241,241,241,241,241,241,241,241,241,241,241,241,241,241,241,241,241,241,241,241,241,241,241,241,241,241,
241,241,241,241,241,241,241,241,241,241,241,241,241,241,241,241,241,241,241,241,241,241,241,241,241,241,241,241,241,241,241,241,241,241,233,81,81,81,81,81,81,81,81,81,81,161,241,241,241,241,81,153,241,241,241,241,241,241,161,81,161,241,241,233,81,153,241,241,241,161,81,81,233,241,241,241,241,233,81,153,241,241,241,153,81,233,241,241,233,81,161,241,241,241,241,241,241,161,161,241,241,241,81,81,241,241,241,161,161,233,241,241,241,241,241,233,81,161,241,241,233,81,81,233,241,241,241,241,241,241,241,241,241,241,241,241,241,241,241,241,241,241,241,241,241,241,241,241,241,241,241,241,241,241,241,241,241,241,241,241,241,241,
241,241,241,241,241,241,241,241,241,241,241,241,241,241,241,241,241,241,241,241,241,241,241,241,241,241,241,241,241,241,241,241,241,241,233,81,89,153,153,153,153,153,153,81,89,241,241,241,241,241,81,89,233,233,233,233,233,233,161,81,161,241,241,233,81,153,241,241,241,161,81,233,241,241,241,241,241,233,81,153,241,241,241,153,81,233,241,241,233,81,161,241,241,241,241,241,241,241,241,241,241,241,81,81,241,241,241,241,241,233,233,233,233,233,233,161,81,161,241,241,233,81,153,241,241,241,241,241,241,241,241,241,241,241,241,241,241,241,241,241,241,241,241,241,241,241,241,241,241,241,241,241,241,241,241,241,241,241,241,241,241,241,
242,241,241,241,241,241,241,241,241,241,241,241,241,241,241,241,241,241,241,241,241,241,241,241,241,241,241,241,241,241,241,241,241,241,233,81,161,241,241,241,241,241,241,153,81,161,241,241,241,241,81,81,81,81,81,81,81,81,81,81,161,241,241,233,81,153,241,241,241,161,81,233,241,241,241,241,241,233,81,153,241,241,241,153,81,233,241,241,233,81,161,241,241,241,241,241,241,241,241,241,241,241,81,81,241,241,241,241,161,81,81,81,81,81,81,81,81,161,241,241,233,81,153,241,241,241,241,241,241,241,241,241,241,241,241,241,241,241,241,241,241,241,241,241,241,241,241,241,241,241,241,241,241,241,241,241,241,241,241,241,241,242,
243,241,241,241,241,241,241,241,241,241,241,241,241,241,241,241,241,241,241,241,241,241,241,241,241,241,241,241,241,241,241,241,241,241,233,81,161,241,241,241,241,241,241,233,89,81,161,241,241,241,81,89,233,233,233,233,233,233,233,233,233,241,241,233,81,153,241,241,241,161,81,233,241,241,241,241,241,233,81,153,241,241,241,153,81,233,241,241,233,81,161,241,241,241,241,241,241,241,241,241,241,241,81,81,241,241,241,161,81,89,233,233,233,233,233,161,81,161,241,241,233,81,153,241,241,241,241,241,241,241,241,241,241,241,241,241,241,241,241,241,241,241,241,241,241,241,241,241,241,241,241,241,241,241,241,241,241,241,241,241,241,243,
253,241,241,241,241,241,241,241,241,241,241,241,241,241,241,241,241,241,241,241,241,241,241,241,241,241,241,241,241,241,241,241,241,241,233,81,161,241,241,241,241,241,241,241,233,81,153,241,241,241,81,153,241,241,241,241,241,241,241,241,241,241,241,233,81,153,241,241,241,161,81,233,241,241,241,241,241,233,81,153,241,241,241,153,81,233,241,241,233,81,161,241,241,241,241,241,241,241,241,241,241,241,81,81,241,241,241,153,81,233,241,241,241,241,241,233,81,161,241,241,233,81,153,241,241,241,241,241,241,241,241,241,241,241,241,241,241,241,241,241,241,241,241,241,241,241,241,241,241,241,241,241,241,241,241,241,241,241,241,241,241,253,
255,241,241,241,241,241,241,241,241,241,241,241,241,241,241,241,241,241,241,241,241,241,241,241,241,241,241,241,241,241,241,241,241,241,233,81,161,241,241,241,241,241,241,241,233,81,153,241,241,241,81,153,241,241,241,241,241,241,161,81,161,241,241,233,81,153,241,241,241,161,81,233,241,241,241,241,241,233,81,153,241,241,241,153,81,233,241,241,233,81,161,241,241,241,241,241,241,81,81,241,241,241,81,81,241,241,241,153,81,233,241,241,241,241,233,81,81,161,241,241,233,81,153,241,241,241,241,241,241,241,241,241,241,241,241,241,241,241,241,241,241,241,241,241,241,241,241,241,241,241,241,241,241,241,241,241,241,241,241,241,242,255,
255,244,241,241,241,241,241,241,241,241,241,241,241,241,241,241,241,241,241,241,241,241,241,241,241,241,241,241,241,241,241,241,241,241,233,81,161,241,241,241,241,241,241,241,233,81,153,241,241,241,81,81,161,241,241,241,241,233,81,81,161,241,241,233,81,153,241,241,241,161,81,233,241,241,241,241,241,233,81,153,241,241,241,153,81,233,241,241,233,81,81,233,241,241,241,241,161,81,81,241,241,241,81,81,241,241,241,153,81,161,241,241,241,233,81,81,81,161,241,241,233,81,153,241,241,241,241,241,241,241,241,241,241,241,241,241,241,241,241,241,241,241,241,241,241,241,241,241,241,241,241,241,241,241,241,241,241,241,241,241,244,255,
255,255,241,241,241,241,241,241,241,241,241,241,241,241,241,241,241,241,241,241,241,241,241,241,241,241,241,241,241,241,241,241,241,241,233,81,161,241,241,241,241,241,241,241,233,81,153,241,241,241,233,81,81,81,81,81,81,81,81,161,241,241,241,233,81,153,241,241,241,161,81,233,241,241,241,241,241,233,81,153,241,241,241,153,81,233,241,241,241,233,81,81,81,81,81,81,81,81,233,241,241,241,81,81,241,241,241,233,81,81,81,81,81,81,89,161,81,161,241,241,233,81,153,241,241,241,241,241,241,241,241,241,241,241,241,241,241,241,241,241,241,241,241,241,241,241,241,241,241,241,241,241,241,241,241,241,241,241,241,242,254,255,
255,255,244,241,241,241,241,241,241,241,241,241,241,241,241,241,241,241,241,241,241,241,241,241,241,241,241,241,241,241,241,241,241,241,233,153,161,241,241,241,241,241,241,241,233,153,161,241,241,241,241,233,153,153,153,153,153,153,161,241,241,241,241,233,153,161,241,241,241,161,153,233,241,241,241,241,241,233,153,161,241,241,241,161,153,233,241,241,241,241,233,153,153,153,153,153,153,233,241,241,241,241,153,153,241,241,241,241,233,153,153,153,153,153,233,233,153,161,241,241,233,153,161,241,241,241,241,241,241,241,241,241,241,241,241,241,241,241,241,241,241,241,241,241,241,241,241,241,241,241,241,241,241,241,241,241,241,241,241,245,255,255,
255,255,255,243,241,241,241,241,241,241,241,241,241,241,241,241,241,241,241,241,241,241,241,241,241,241,241,241,241,241,241,241,241,241,241,241,241,241,241,241,241,241,241,241,241,241,241,241,241,241,241,241,241,241,241,241,241,241,241,241,241,241,241,241,241,241,241,241,241,241,241,241,241,241,241,241,241,241,241,241,241,241,241,241,241,241,241,241,241,241,241,241,241,241,241,241,241,241,241,241,241,241,241,241,241,241,241,241,241,241,241,241,241,241,241,241,241,241,241,241,241,241,241,241,241,241,241,241,241,241,241,241,241,241,241,241,241,241,241,241,241,241,241,241,241,241,241,241,241,241,241,241,241,241,241,241,241,241,243,255,255,255,
255,255,255,255,243,241,241,241,241,241,241,241,241,241,241,241,241,241,241,241,241,241,241,241,241,241,241,241,241,241,241,241,241,241,241,241,241,241,241,241,241,241,241,241,241,241,241,241,241,241,241,241,241,241,241,241,241,241,241,241,241,241,241,241,241,241,241,241,241,241,241,241,241,241,241,241,241,241,241,241,241,241,241,241,241,241,241,241,241,241,241,241,241,241,241,241,241,241,241,241,241,241,241,241,241,241,241,241,241,241,241,241,241,241,241,241,241,241,241,241,241,241,241,241,241,241,241,241,241,241,241,241,241,241,241,241,241,241,241,241,241,241,241,241,241,241,241,241,241,241,241,241,241,241,241,241,241,243,255,255,255,255,
255,255,255,255,255,243,241,241,241,241,241,241,241,241,241,241,241,241,241,241,241,241,241,241,241,241,241,241,241,241,241,241,241,241,241,241,241,241,241,241,241,241,241,241,241,241,241,241,241,241,241,241,241,241,241,241,241,241,241,241,241,241,241,241,241,241,241,241,241,241,241,241,241,241,241,241,241,241,241,241,241,241,241,241,241,241,241,241,241,241,241,241,241,241,241,241,241,241,241,241,241,241,241,241,241,241,241,241,241,241,241,241,241,241,241,241,241,241,241,241,241,241,241,241,241,241,241,241,241,241,241,241,241,241,241,241,241,241,241,241,241,241,241,241,241,241,241,241,241,241,241,241,241,241,241,241,243,255,255,255,255,255,
255,255,255,255,255,255,245,242,241,241,241,241,241,241,241,241,241,241,241,241,241,241,241,241,241,241,241,241,241,241,241,241,241,241,241,241,241,241,241,241,241,241,241,241,241,241,241,241,241,241,241,241,241,241,241,241,241,241,241,241,241,241,241,241,241,241,241,241,241,241,241,241,241,241,241,241,241,241,241,241,241,241,241,241,241,241,241,241,241,241,241,241,241,241,241,241,241,241,241,241,241,241,241,241,241,241,241,241,241,241,241,241,241,241,241,241,241,241,241,241,241,241,241,241,241,241,241,241,241,241,241,241,241,241,241,241,241,241,241,241,241,241,241,241,241,241,241,241,241,241,241,241,241,241,241,244,255,255,255,255,255,255,
255,255,255,255,255,255,255,254,244,242,241,241,241,241,241,241,241,241,241,241,241,241,241,241,241,241,241,241,241,241,241,241,241,241,241,241,241,241,241,241,241,241,241,241,241,241,241,241,241,241,241,241,241,241,241,241,241,241,241,241,241,241,241,241,241,241,241,241,241,241,241,241,241,241,241,241,241,241,241,241,241,241,241,241,241,241,241,241,241,241,241,241,241,241,241,241,241,241,241,241,241,241,241,241,241,241,241,241,241,241,241,241,241,241,241,241,241,241,241,241,241,241,241,241,241,241,241,241,241,241,241,241,241,241,241,241,241,241,241,241,241,241,241,241,241,241,241,241,241,241,241,241,241,244,255,255,255,255,255,255,255,255,
255,255,255,255,255,255,255,255,255,255,253,243,242,241,241,241,241,241,241,241,241,241,241,241,241,241,241,241,241,241,241,241,241,241,241,241,241,241,241,241,241,241,241,241,241,241,241,241,241,241,241,241,241,241,241,241,241,241,241,241,241,241,241,241,241,241,241,241,241,241,241,241,241,241,241,241,241,241,241,241,241,241,241,241,241,241,241,241,241,241,241,241,241,241,241,241,241,241,241,241,241,241,241,241,241,241,241,241,241,241,241,241,241,241,241,241,241,241,241,241,241,241,241,241,241,241,241,241,241,241,241,241,241,241,241,241,241,241,241,241,241,241,241,241,241,241,241,241,241,242,243,253,255,255,255,255,255,255,255,255,255,255,


