..\imagens_para_conversao\MarkedSelectio: .word 48, 48
.byte 185,185,185,185,185,185,185,185,185,185,185,185,185,185,185,185,185,185,185,185,185,185,185,185,185,185,185,185,185,185,185,185,185,185,185,185,185,185,185,185,185,185,185,185,185,185,185,185,
185,185,185,185,185,185,185,185,185,185,185,185,185,185,185,185,185,185,185,185,185,185,185,185,185,185,185,185,185,185,185,185,185,185,185,185,185,185,185,185,185,185,185,185,185,185,185,185,
185,185,185,185,185,185,185,185,185,185,185,185,185,185,185,185,185,185,185,185,185,185,185,185,185,185,185,185,185,185,185,185,185,185,185,185,185,185,185,185,185,185,185,185,185,185,185,185,
185,185,185,185,185,185,185,185,185,185,185,185,185,185,185,185,185,185,185,185,185,185,185,185,185,185,185,185,185,185,185,185,185,185,185,185,185,185,185,185,185,185,185,185,185,185,185,185,
185,185,185,185,185,185,185,185,185,185,185,185,185,185,185,185,185,185,185,185,185,185,185,185,185,185,185,185,185,185,185,185,185,185,185,185,185,185,185,185,185,185,185,185,185,185,185,185,
185,185,185,185,185,185,185,185,185,185,185,185,185,185,185,185,185,185,185,185,185,185,185,185,185,185,185,185,185,185,185,185,185,185,185,185,185,185,185,185,185,185,185,185,185,185,185,185,
185,185,185,185,185,185,185,185,185,185,185,185,185,185,185,185,185,185,185,185,185,185,185,185,185,185,185,185,185,185,185,185,185,185,185,185,185,185,185,185,185,185,185,185,185,185,185,185,
185,185,185,185,185,185,185,185,185,185,185,185,185,185,185,185,185,185,185,185,185,185,185,185,185,185,185,185,185,185,185,185,185,185,185,185,185,185,185,185,185,185,185,185,185,185,185,185,
185,185,185,185,185,185,185,185,185,185,185,185,185,185,185,185,185,185,185,185,185,185,185,185,185,185,185,185,185,185,185,185,185,185,185,185,185,185,185,185,185,185,185,185,185,185,185,185,
185,185,185,185,185,185,185,185,185,185,185,185,185,185,185,185,185,185,185,185,185,185,185,185,185,185,185,185,185,185,185,185,185,185,185,185,185,185,185,185,185,185,185,185,185,185,185,185,
185,185,185,185,185,185,185,185,185,185,185,185,185,185,185,185,185,185,185,185,185,185,185,185,185,185,185,185,185,185,185,185,185,185,185,185,185,185,185,185,185,185,185,185,185,185,185,185,
185,185,185,185,185,185,185,185,185,185,185,185,185,185,185,185,185,185,185,185,185,185,185,185,185,185,185,185,185,185,185,185,185,185,185,185,185,185,185,185,185,185,185,185,185,185,185,185,
185,185,185,185,185,185,185,185,185,185,185,185,185,185,185,185,185,185,185,185,185,185,185,185,185,185,185,185,185,185,185,185,185,185,185,185,185,185,185,185,185,185,185,185,185,185,185,185,
185,185,185,185,185,185,185,185,185,185,185,185,185,185,185,185,185,185,185,185,185,185,185,185,185,185,185,185,185,185,185,185,185,185,185,185,185,185,185,185,185,185,185,185,185,185,185,185,
185,185,185,185,185,185,185,185,185,185,185,185,185,185,185,185,185,185,185,185,185,185,185,185,185,185,185,185,185,185,185,185,185,185,185,185,185,185,185,185,185,185,185,185,185,185,185,185,
185,185,185,185,185,185,185,185,185,185,185,185,185,185,185,185,185,185,185,185,185,185,185,185,185,185,185,185,185,185,185,185,185,185,185,185,185,185,185,185,185,185,185,185,185,185,185,185,
185,185,185,185,185,185,185,185,185,185,185,185,185,185,185,185,185,185,185,185,185,185,185,185,185,185,185,185,185,185,185,185,185,185,185,185,185,185,185,185,185,185,185,185,185,185,185,185,
185,185,185,185,185,185,185,185,185,185,185,185,185,185,185,185,185,185,185,185,185,185,185,185,185,185,185,185,185,185,185,185,185,185,185,185,185,185,185,185,185,185,185,185,185,185,185,185,
185,185,185,185,185,185,185,185,185,185,185,185,185,185,185,185,185,185,185,185,185,185,185,185,185,185,185,185,185,185,185,185,185,185,185,185,185,185,185,185,185,185,185,185,185,185,185,185,
185,185,185,185,185,185,185,185,185,185,185,185,185,185,185,185,185,185,185,185,185,185,185,185,185,185,185,185,185,185,185,185,185,185,185,185,185,185,185,185,185,185,185,185,185,185,185,185,
185,185,185,185,185,185,185,185,185,185,185,185,185,185,185,185,185,185,185,185,185,185,185,185,185,185,185,185,185,185,185,185,185,185,185,185,185,185,185,185,185,185,185,185,185,185,185,185,
185,185,185,185,185,185,185,185,185,185,185,185,185,185,185,185,185,185,185,185,185,185,185,185,185,185,185,185,185,185,185,185,185,185,185,185,185,185,185,185,185,185,185,185,185,185,185,185,
185,185,185,185,185,185,185,185,185,185,185,185,185,185,185,185,185,185,185,185,185,185,185,185,185,185,185,185,185,185,185,185,185,185,185,185,185,185,185,185,185,185,185,185,185,185,185,185,
185,185,185,185,185,185,185,185,185,185,185,185,185,185,185,185,185,185,185,185,185,185,185,185,185,185,185,185,185,185,185,185,185,185,185,185,185,185,185,185,185,185,185,185,185,185,185,185,
185,185,185,185,185,185,185,185,185,185,185,185,185,185,185,185,185,185,185,185,185,185,185,185,185,185,185,185,185,185,185,185,185,185,185,185,185,185,185,185,185,185,185,185,185,185,185,185,
185,185,185,185,185,185,185,185,185,185,185,185,185,185,185,185,185,185,185,185,185,185,185,185,185,185,185,185,185,185,185,185,185,185,185,185,185,185,185,185,185,185,185,185,185,185,185,185,
185,185,185,185,185,185,185,185,185,185,185,185,185,185,185,185,185,185,185,185,185,185,185,185,185,185,185,185,185,185,185,185,185,185,185,185,185,185,185,185,185,185,185,185,185,185,185,185,
185,185,185,185,185,185,185,185,185,185,185,185,185,185,185,185,185,185,185,185,185,185,185,185,185,185,185,185,185,185,185,185,185,185,185,185,185,185,185,185,185,185,185,185,185,185,185,185,
185,185,185,185,185,185,185,185,185,185,185,185,185,185,185,185,185,185,185,185,185,185,185,185,185,185,185,185,185,185,185,185,185,185,185,185,185,185,185,185,185,185,185,185,185,185,185,185,
185,185,185,185,185,185,185,185,185,185,185,185,185,185,185,185,185,185,185,185,185,185,185,185,185,185,185,185,185,185,185,185,185,185,185,185,185,185,185,185,185,185,185,185,185,185,185,185,
185,185,185,185,185,185,185,185,185,185,185,185,185,185,185,185,185,185,185,185,185,185,185,185,185,185,185,185,185,185,185,185,185,185,185,185,185,185,185,185,185,185,185,185,185,185,185,185,
185,185,185,185,185,185,185,185,185,185,185,185,185,185,185,185,185,185,185,185,185,185,185,185,185,185,185,185,185,185,185,185,185,185,185,185,185,185,185,185,185,185,185,185,185,185,185,185,
185,185,185,185,185,185,185,185,185,185,185,185,185,185,185,185,185,185,185,185,185,185,185,185,185,185,185,185,185,185,185,185,185,185,185,185,185,185,185,185,185,185,185,185,185,185,185,185,
185,185,185,185,185,185,185,185,185,185,185,185,185,185,185,185,185,185,185,185,185,185,185,185,185,185,185,185,185,185,185,185,185,185,185,185,185,185,185,185,185,185,185,185,185,185,185,185,
185,185,185,185,185,185,185,185,185,185,185,185,185,185,185,185,185,185,185,185,185,185,185,185,185,185,185,185,185,185,185,185,185,185,185,185,185,185,185,185,185,185,185,185,185,185,185,185,
185,185,185,185,185,185,185,185,185,185,185,185,185,185,185,185,185,185,185,185,185,185,185,185,185,185,185,185,185,185,185,185,185,185,185,185,185,185,185,185,185,185,185,185,185,185,185,185,
185,185,185,185,185,185,185,185,185,185,185,185,185,185,185,185,185,185,185,185,185,185,185,185,185,185,185,185,185,185,185,185,185,185,185,185,185,185,185,185,185,185,185,185,185,185,185,185,
185,185,185,185,185,185,185,185,185,185,185,185,185,185,185,185,185,185,185,185,185,185,185,185,185,185,185,185,185,185,185,185,185,185,185,185,185,185,185,185,185,185,185,185,185,185,185,185,
185,185,185,185,185,185,185,185,185,185,185,185,185,185,185,185,185,185,185,185,185,185,185,185,185,185,185,185,185,185,185,185,185,185,185,185,185,185,185,185,185,185,185,185,185,185,185,185,
185,185,185,185,185,185,185,185,185,185,185,185,185,185,185,185,185,185,185,185,185,185,185,185,185,185,185,185,185,185,185,185,185,185,185,185,185,185,185,185,185,185,185,185,185,185,185,185,
185,185,185,185,185,185,185,185,185,185,185,185,185,185,185,185,185,185,185,185,185,185,185,185,185,185,185,185,185,185,185,185,185,185,185,185,185,185,185,185,185,185,185,185,185,185,185,185,
185,185,185,185,185,185,185,185,185,185,185,185,185,185,185,185,185,185,185,185,185,185,185,185,185,185,185,185,185,185,185,185,185,185,185,185,185,185,185,185,185,185,185,185,185,185,185,185,
185,185,185,185,185,185,185,185,185,185,185,185,185,185,185,185,185,185,185,185,185,185,185,185,185,185,185,185,185,185,185,185,185,185,185,185,185,185,185,185,185,185,185,185,185,185,185,185,
185,185,185,185,185,185,185,185,185,185,185,185,185,185,185,185,185,185,185,185,185,185,185,185,185,185,185,185,185,185,185,185,185,185,185,185,185,185,185,185,185,185,185,185,185,185,185,185,
185,185,185,185,185,185,185,185,185,185,185,185,185,185,185,185,185,185,185,185,185,185,185,185,185,185,185,185,185,185,185,185,185,185,185,185,185,185,185,185,185,185,185,185,185,185,185,185,
185,185,185,185,185,185,185,185,185,185,185,185,185,185,185,185,185,185,185,185,185,185,185,185,185,185,185,185,185,185,185,185,185,185,185,185,185,185,185,185,185,185,185,185,185,185,185,185,
185,185,185,185,185,185,185,185,185,185,185,185,185,185,185,185,185,185,185,185,185,185,185,185,185,185,185,185,185,185,185,185,185,185,185,185,185,185,185,185,185,185,185,185,185,185,185,185,
185,185,185,185,185,185,185,185,185,185,185,185,185,185,185,185,185,185,185,185,185,185,185,185,185,185,185,185,185,185,185,185,185,185,185,185,185,185,185,185,185,185,185,185,185,185,185,185,


