O: .word 48, 48
.byte 177,177,177,177,177,177,177,177,177,177,177,177,177,177,177,177,177,177,177,177,177,177,177,177,177,177,177,177,177,177,177,177,177,177,177,177,177,177,177,177,177,177,177,177,177,177,177,244,
177,177,177,177,177,177,177,177,177,177,177,177,177,177,177,177,177,177,177,177,177,177,177,177,177,177,177,177,177,177,177,177,177,177,177,177,177,177,177,177,177,177,177,177,177,177,177,244,
177,177,177,177,177,177,177,177,177,177,177,177,177,177,177,177,177,177,177,177,177,177,177,177,177,177,177,177,177,177,177,177,177,177,177,177,177,177,177,177,177,177,177,177,177,177,177,244,
177,177,177,177,177,177,177,177,177,177,177,177,177,177,177,177,177,177,177,177,177,177,177,177,177,177,177,177,177,177,177,177,177,177,177,177,177,177,177,177,177,177,177,177,177,177,177,244,
177,177,177,177,177,177,177,177,177,177,177,177,177,177,177,177,177,177,177,177,177,177,177,177,177,177,177,177,177,177,177,177,177,177,177,177,177,177,177,177,177,177,177,177,177,177,177,244,
177,177,177,177,177,177,177,177,177,177,177,177,177,177,177,177,177,177,177,177,177,177,177,177,177,177,177,177,177,177,177,177,177,177,177,177,177,177,177,177,177,177,177,177,177,177,177,244,
177,177,177,177,177,177,177,177,177,177,177,177,177,177,177,177,177,177,177,177,177,177,177,177,177,177,177,177,177,177,177,177,177,177,177,177,177,177,177,177,177,177,177,177,177,177,177,244,
177,177,177,177,177,177,177,177,177,177,177,177,177,177,177,177,177,177,177,177,177,177,177,177,177,177,177,177,177,177,177,177,177,177,177,177,177,177,177,177,177,177,177,177,177,177,177,244,
177,177,177,177,177,177,177,177,177,177,177,177,177,177,177,177,177,177,177,177,177,177,177,177,177,177,177,177,177,177,177,177,177,177,177,177,177,177,177,177,177,177,177,177,177,177,177,244,
177,177,177,177,177,177,177,177,177,177,177,177,177,177,177,177,177,177,177,177,177,177,177,177,177,177,177,177,177,177,177,177,177,177,177,177,177,177,177,177,177,177,177,177,177,177,177,244,
177,177,177,177,177,177,177,177,177,177,177,177,177,177,177,177,177,177,169,169,169,169,169,169,169,169,169,169,169,169,177,177,177,177,177,177,177,177,177,177,177,177,177,177,177,177,177,244,
177,177,177,177,177,177,177,177,177,177,177,177,177,177,177,177,177,161,81,81,81,81,81,81,81,81,81,81,81,81,161,177,177,177,177,177,177,177,177,177,177,177,177,177,177,177,177,244,
177,177,177,177,177,177,177,177,177,177,177,177,177,177,177,177,161,81,81,81,81,81,81,81,81,81,81,81,81,81,81,161,177,177,177,177,177,177,177,177,177,177,177,177,177,177,177,244,
177,177,177,177,177,177,177,177,177,177,177,177,177,177,177,161,81,81,81,161,169,169,169,169,169,169,169,169,161,81,81,81,161,177,177,177,177,177,177,177,177,177,177,177,177,177,177,244,
177,177,177,177,177,177,177,177,177,177,177,177,177,177,161,81,81,81,161,177,177,177,177,177,177,177,177,177,177,161,81,81,81,161,177,177,177,177,177,177,177,177,177,177,177,177,177,244,
177,177,177,177,177,177,177,177,177,177,177,177,177,177,89,81,81,161,177,177,177,177,177,177,177,177,177,177,177,177,161,81,81,89,177,177,177,177,177,177,177,177,177,177,177,177,177,244,
177,177,177,177,177,177,177,177,177,177,177,177,177,177,89,81,81,169,177,177,177,177,177,177,177,177,177,177,177,177,169,81,81,89,177,177,177,177,177,177,177,177,177,177,177,177,177,244,
177,177,177,177,177,177,177,177,177,177,177,177,177,177,89,81,81,169,177,177,177,177,177,177,177,177,177,177,177,177,169,81,81,89,177,177,177,177,177,177,177,177,177,177,177,177,177,244,
177,177,177,177,177,177,177,177,177,177,177,177,177,177,89,81,81,169,177,177,177,177,177,177,177,177,177,177,177,177,169,81,81,89,177,177,177,177,177,177,177,177,177,177,177,177,177,244,
177,177,177,177,177,177,177,177,177,177,177,177,177,177,89,81,81,169,177,177,177,177,177,177,177,177,177,177,177,177,169,81,81,89,177,177,177,177,177,177,177,177,177,177,177,177,177,244,
177,177,177,177,177,177,177,177,177,177,177,177,177,177,89,81,81,169,177,177,177,177,177,177,177,177,177,177,177,177,169,81,81,89,177,177,177,177,177,177,177,177,177,177,177,177,177,244,
177,177,177,177,177,177,177,177,177,177,177,177,177,177,89,81,81,169,177,177,177,177,177,177,177,177,177,177,177,177,169,81,81,89,177,177,177,177,177,177,177,177,177,177,177,177,177,244,
177,177,177,177,177,177,177,177,177,177,177,177,177,177,89,81,81,169,177,177,177,177,177,177,177,177,177,177,177,177,169,81,81,89,177,177,177,177,177,177,177,177,177,177,177,177,177,244,
177,177,177,177,177,177,177,177,177,177,177,177,177,177,89,81,81,169,177,177,177,177,177,177,177,177,177,177,177,177,169,81,81,89,177,177,177,177,177,177,177,177,177,177,177,177,177,244,
177,177,177,177,177,177,177,177,177,177,177,177,177,177,89,81,81,169,177,177,177,177,177,177,177,177,177,177,177,177,169,81,81,89,177,177,177,177,177,177,177,177,177,177,177,177,177,244,
177,177,177,177,177,177,177,177,177,177,177,177,177,177,89,81,81,169,177,177,177,177,177,177,177,177,177,177,177,177,169,81,81,89,177,177,177,177,177,177,177,177,177,177,177,177,177,244,
177,177,177,177,177,177,177,177,177,177,177,177,177,177,89,81,81,169,177,177,177,177,177,177,177,177,177,177,177,177,169,81,81,89,177,177,177,177,177,177,177,177,177,177,177,177,177,244,
177,177,177,177,177,177,177,177,177,177,177,177,177,177,89,81,81,169,177,177,177,177,177,177,177,177,177,177,177,177,169,81,81,89,177,177,177,177,177,177,177,177,177,177,177,177,177,244,
177,177,177,177,177,177,177,177,177,177,177,177,177,177,89,81,81,169,177,177,177,177,177,177,177,177,177,177,177,177,169,81,81,89,177,177,177,177,177,177,177,177,177,177,177,177,177,244,
177,177,177,177,177,177,177,177,177,177,177,177,177,177,89,81,81,169,177,177,177,177,177,177,177,177,177,177,177,177,169,81,81,89,177,177,177,177,177,177,177,177,177,177,177,177,177,244,
177,177,177,177,177,177,177,177,177,177,177,177,177,177,89,81,81,169,177,177,177,177,177,177,177,177,177,177,177,177,169,81,81,89,177,177,177,177,177,177,177,177,177,177,177,177,177,244,
177,177,177,177,177,177,177,177,177,177,177,177,177,177,89,81,81,161,177,177,177,177,177,177,177,177,177,177,177,177,161,81,81,89,177,177,177,177,177,177,177,177,177,177,177,177,177,244,
177,177,177,177,177,177,177,177,177,177,177,177,177,177,169,81,81,81,161,177,177,177,177,177,177,177,177,177,177,161,81,81,81,169,177,177,177,177,177,177,177,177,177,177,177,177,177,244,
177,177,177,177,177,177,177,177,177,177,177,177,177,177,177,169,81,81,81,89,161,161,161,161,161,161,161,161,89,81,81,81,169,177,177,177,177,177,177,177,177,177,177,177,177,177,177,244,
177,177,177,177,177,177,177,177,177,177,177,177,177,177,177,177,169,81,81,81,81,81,81,81,81,81,81,81,81,81,81,169,177,177,177,177,177,177,177,177,177,177,177,177,177,177,177,244,
177,177,177,177,177,177,177,177,177,177,177,177,177,177,177,177,177,169,81,81,81,81,81,81,81,81,81,81,81,81,169,177,177,177,177,177,177,177,177,177,177,177,177,177,177,177,177,244,
177,177,177,177,177,177,177,177,177,177,177,177,177,177,177,177,177,177,177,177,177,177,177,177,177,177,177,177,177,177,177,177,177,177,177,177,177,177,177,177,177,177,177,177,177,177,177,244,
177,177,177,177,177,177,177,177,177,177,177,177,177,177,177,177,177,177,177,177,177,177,177,177,177,177,177,177,177,177,177,177,177,177,177,177,177,177,177,177,177,177,177,177,177,177,177,244,
177,177,177,177,177,177,177,177,177,177,177,177,177,177,177,177,177,177,177,177,177,177,177,177,177,177,177,177,177,177,177,177,177,177,177,177,177,177,177,177,177,177,177,177,177,177,177,244,
177,177,177,177,177,177,177,177,177,177,177,177,177,177,177,177,177,177,177,177,177,177,177,177,177,177,177,177,177,177,177,177,177,177,177,177,177,177,177,177,177,177,177,177,177,177,177,244,
177,177,177,177,177,177,177,177,177,177,177,177,177,177,177,177,177,177,177,177,177,177,177,177,177,177,177,177,177,177,177,177,177,177,177,177,177,177,177,177,177,177,177,177,177,177,177,244,
177,177,177,177,177,177,177,177,177,177,177,177,177,177,177,177,177,177,177,177,177,177,177,177,177,177,177,177,177,177,177,177,177,177,177,177,177,177,177,177,177,177,177,177,177,177,177,244,
177,177,177,177,177,177,177,177,177,177,177,177,177,177,177,177,177,177,177,177,177,177,177,177,177,177,177,177,177,177,177,177,177,177,177,177,177,177,177,177,177,177,177,177,177,177,177,244,
177,177,177,177,177,177,177,177,177,177,177,177,177,177,177,177,177,177,177,177,177,177,177,177,177,177,177,177,177,177,177,177,177,177,177,177,177,177,177,177,177,177,177,177,177,177,177,244,
177,177,177,177,177,177,177,177,177,177,177,177,177,177,177,177,177,177,177,177,177,177,177,177,177,177,177,177,177,177,177,177,177,177,177,177,177,177,177,177,177,177,177,177,177,177,177,244,
177,177,177,177,177,177,177,177,177,177,177,177,177,177,177,177,177,177,177,177,177,177,177,177,177,177,177,177,177,177,177,177,177,177,177,177,177,177,177,177,177,177,177,177,177,177,177,244,
177,177,177,177,177,177,177,177,177,177,177,177,177,177,177,177,177,177,177,177,177,177,177,177,177,177,177,177,177,177,177,177,177,177,177,177,177,177,177,177,177,177,177,177,177,177,177,244,
177,177,177,177,177,177,177,177,177,177,177,177,177,177,177,177,177,177,177,177,177,177,177,177,177,177,177,177,177,177,177,177,177,177,177,177,177,177,177,177,177,177,177,177,177,177,177,244,


